100000025
100000028
1000000322
1000000334
1000000339
1000000484
100000075
100000084
1000000902
1000000932
100000123
1000001233
100000124
1000001329
1000001496
1000001540
1000001670
1000001731
1000001928
1000001996
100000201
1000002026
100000215
1000002156
100000227
1000002300
100000231
1000002343
100000238
100000242
1000002559
1000002632
100000273
1000002756
100000323
1000003448
1000003531
100000379
1000003796
1000003880
1000003902
100000400
1000004065
1000004096
100000412
100000438
100000448
100000499
1000005001
10000052
1000005348
100000539
1000005414
1000005751
1000005894
100000593
100000597
100000647
1000006724
1000006836
100000715
1000007162
1000007467
100000760
100000779
100000788
1000007947
1000007982
1000008270
100000839
1000008420
100000844
100000858
1000008704
1000008890
1000008906
100000899
100000928
1000009297
100000937
1000009675
100001012
1000010130
100001017
1000010406
100001058
100001065
1000010898
1000011048
100001121
1000011254
1000011326
1000011350
100001157
100001175
100001176
1000011770
1000011894
100001192
1000011992
1000012178
10000122
1000012214
100001244
100001275
1000012766
1000013041
1000013052
1000013330
100001335
1000013478
1000013508
100001354
1000013785
100001430
100001456
1000014576
100001518
100001519
100001520
1000015298
100001531
100001533
1000015610
1000015790
100001583
100001585
1000015950
1000016142
10000162
1000016256
1000016402
1000016725
1000016797
100001686
100001693
1000016965
1000017044
100001708
100001726
1000017325
100001764
1000017823
1000017992
1000018208
100001836
1000018585
1000018657
1000018794
100001888
100001962
1000019689
1000020134
1000020264
1000020349
100002038
1000020452
1000020558
1000020630
1000020642
1000020805
100002112
1000021136
100002124
1000021316
1000021988
1000022011
100002214
1000022527
1000022581
100002262
100002268
1000023062
100002314
1000023306
1000023949
1000024190
100002429
1000024688
1000024902
1000024952
100002519
100002537
1000025372
100002562
1000025954
1000026481
100002682
100002705
1000027771
1000027837
1000028089
100002836
1000028444
1000028708
1000028814
100002885
1000029020
1000029284
100002935
100002942
1000029482
100002974
100002977
100003006
100003008
100003011
10000302
1000030374
100003044
1000030519
1000030524
100003059
100003065
100003070
100003087
100003098
100003114
100003117
100003120
100003131
1000031371
100003141
100003144
1000031466
100003153
100003162
100003178
1000031802
100003193
1000032049
100003207
1000032098
100003227
1000032338
1000032619
100003281
100003297
1000033112
1000033302
100003331
100003348
1000033518
100003356
1000033578
1000033603
1000033730
1000034263
100003441
1000034420
100003446
100003454
1000034575
100003459
1000034952
100003509
100003514
10000352
100003524
100003540
1000035421
1000035438
1000035546
100003573
100003582
1000036166
1000036387
100003644
1000036572
1000036596
1000036633
100003668
1000036686
1000036722
100003673
1000036988
100003708
10000372
1000037492
100003759
1000037929
1000038073
1000038104
100003814
1000038307
1000038420
1000038482
100003867
1000038836
1000038888
100003907
100003917
10000392
1000039248
100003980
100003994
1000040162
100004020
100004024
1000040484
1000040742
1000040978
100004109
100004112
1000041198
1000041206
100004121
1000041535
100004168
1000041744
100004183
100004213
1000042280
100004238
1000042813
100004282
100004286
100004304
10000432
100004333
1000043708
1000043730
100004374
100004392
100004401
1000044026
100004408
1000044456
1000044858
100004487
1000044997
1000045080
1000045214
100004540
100004590
100004601
1000046090
1000046184
1000046250
100004630
100004640
100004644
1000046450
1000046576
1000046594
100004672
1000046870
1000046876
1000047120
10000472
1000047222
1000047343
1000047422
100004764
1000047800
100004807
1000048087
1000048098
100004820
100004821
1000048224
1000048436
100004854
100004860
1000048921
1000049035
100004908
100004925
1000049270
1000049347
100004949
1000049528
1000049653
100004977
1000049846
100004985
1000049892
1000049972
1000050024
100005005
100005016
100005019
100005020
1000050368
1000050492
1000050716
100005104
1000051086
1000051140
1000051170
10000512
100005127
100005135
1000051356
1000051428
1000051471
1000051824
1000052024
1000052076
1000052137
100005226
1000052292
1000052432
1000052449
100005258
100005261
100005289
1000052906
1000053048
1000053091
100005312
10000532
100005330
1000053307
100005375
100005413
1000054261
100005465
1000054879
100005511
100005515
10000552
1000055478
1000055479
100005582
100005589
100005598
1000056002
100005605
10000562
1000056482
100005680
100005682
1000056877
100005724
100005727
100005729
100005755
1000057760
1000057848
1000057862
100005787
1000058064
10000582
1000058244
1000058348
100005844
1000058467
1000058658
1000059157
1000059306
1000059361
100005941
100005946
1000059462
1000059463
100005947
100005960
100005969
100006018
1000060328
1000060376
1000060484
1000060728
100006078
1000060891
1000061054
100006109
100006118
100006125
100006128
100006133
1000061430
100006152
100006158
1000061780
100006181
1000061952
100006203
100006213
100006218
100006230
100006236
1000062391
100006242
1000062498
1000062558
1000062570
1000062734
100006279
1000062840
100006292
1000062942
100006314
10000632
100006326
100006333
1000063681
1000064076
1000064131
10000642
100006495
1000065198
10000652
1000065218
100006581
1000066134
1000066237
1000066968
100006742
1000067546
1000067982
100006804
100006808
10000682
1000068428
1000068529
100006865
1000068726
1000068733
1000068763
100006888
1000068888
100006893
1000069196
1000069326
1000069352
100006965
100006974
100007003
1000070053
1000070084
100007014
1000070532
1000070576
1000070700
1000070846
1000071020
100007128
1000071841
100007190
1000072062
1000072063
1000072164
100007269
100007275
1000073054
1000073450
1000073599
100007362
1000073677
100007369
1000073748
100007395
10000742
1000074266
100007427
100007440
1000074416
1000074691
100007480
1000075778
100007595
1000076029
1000076154
100007633
1000076516
1000076690
100007671
100007675
1000076767
100007677
100007685
1000077180
1000077192
10000772
1000077276
100007735
100007765
1000077721
1000077728
100007774
1000078098
1000078116
100007816
10000782
1000078248
100007826
1000078370
1000078512
1000078542
1000079192
1000079294
1000079328
100007952
100008031
100008034
1000080426
1000080487
1000080500
1000080932
100008151
100008156
1000081610
100008170
1000081704
1000081748
1000081843
100008191
100008193
1000081951
100008212
1000082179
1000082239
100008231
100008246
1000082594
1000082792
1000082857
100008286
100008289
100008292
1000083073
1000083187
1000083290
100008341
1000083410
1000083542
1000083678
1000083750
100008415
10000842
100008421
1000084250
1000084633
1000084998
100008512
1000085449
100008563
100008585
100008589
1000086086
100008618
10000862
100008620
100008623
1000086408
1000086812
100008691
1000086925
1000087039
1000087752
100008784
1000087850
1000088000
1000088197
1000088604
100008865
1000088779
1000088887
1000089210
100008966
1000089931
1000089961
1000090002
100009032
100009070
100009090
100009126
1000091478
100009170
100009189
1000092030
100009262
100009282
1000092900
1000092960
1000092967
1000092998
100009305
100009310
1000093178
1000093200
100009323
1000093255
1000093272
100009335
1000093363
100009338
100009348
1000093530
100009370
100009375
100009394
1000093952
1000093992
100009414
1000094413
100009466
1000094713
100009487
100009488
100009493
1000094942
100009507
100009516
1000095194
100009531
1000095403
1000095468
100009551
100009553
100009556
100009557
100009593
100009627
1000096369
1000096452
100009646
1000097108
10000972
1000097228
1000097418
100009746
10000982
100009838
1000098456
100009850
1000098805
1000098853
1000098932
1000099286
100009932
100009937
1000099525
1000099567
100009974
1000099759
100010029
100010039
1000100438
100010044
1000100516
1000100672
100010071
100010077
100010094
1000101018
100010105
10001012
100010129
100010142
1000101792
100010182
100010189
1000102080
10001022
1000102267
100010237
100010280
1000102969
100010307
100010323
1000103287
1000103299
1000103564
1000103850
1000104121
1000104182
10001042
1000104259
1000104266
100010438
100010452
100010453
1000104547
100010501
100010511
1000105274
1000105380
1000105418
1000105537
1000105626
100010566
1000105682
100010574
1000105916
10001062
1000106485
1000106558
100010670
1000106724
100010715
100010745
1000107554
100010818
100010846
1000108518
1000108686
1000108746
100010875
1000109137
100010928
100010956
1000109606
100010965
100010979
1000109894
1000109941
1000110168
1000110354
1000110433
1000110637
1000110829
100011155
1000111663
100011173
1000111896
1000111922
1000112246
100011228
1000112821
1000112834
100011289
100011297
100011300
1000113006
100011302
100011309
10001132
1000113235
1000113241
1000113528
1000113673
1000114094
1000114118
1000114153
1000114159
1000114190
1000114459
1000114598
1000114603
100011481
100011485
100011491
100011506
1000115300
100011535
100011545
1000115473
100011559
1000115600
100011576
1000115899
100011592
1000115947
1000115948
100011598
1000116199
100011625
1000116332
100011654
100011657
100011665
1000116703
1000116752
100011679
100011763
100011765
100011789
1000117927
100011801
10001182
100011855
100011873
1000118863
1000119060
1000119308
1000119374
1000119726
100011974
100011989
100012004
1000120196
100012034
1000120344
1000120418
1000120428
100012073
1000120754
1000120836
100012092
1000121066
10001212
1000121203
1000121204
1000121480
100012166
100012186
1000121898
100012196
1000122163
100012221
100012237
100012244
1000122901
1000123244
100012327
100012373
1000123832
1000123914
100012408
100012412
100012423
100012424
1000124509
1000124676
100012480
100012488
100012495
1000125078
1000125091
1000125188
100012521
100012533
100012546
100012552
1000125980
100012605
1000126111
1000126147
1000126243
1000126399
1000126574
1000126592
100012675
100012683
100012698
100012706
100012708
100012715
100012720
1000127341
100012748
1000127701
100012792
100012794
100012796
100012811
100012838
100012861
1000128614
1000128924
1000129105
1000129154
100012925
100012936
1000129392
1000129424
1000129604
100012977
1000129874
100012989
1000129892
1000130047
1000130347
1000130372
100013044
1000130478
1000130904
100013111
1000131409
1000131600
1000131614
1000131715
1000131750
1000131810
1000132218
1000132394
1000132441
1000132536
1000132548
1000132603
100013281
1000132898
1000132988
1000132999
1000133168
10001332
100013331
1000133330
100013336
1000133712
1000133742
100013395
100013416
10001342
1000134241
1000134372
100013475